2016 01 05 20 38
2016 01 08 23 12
2016 01 10 11 48
2016 01 15 20 35
2016 01 17 11 30
2016 01 20 17 01
2016 01 28 03 03
2016 01 28 07 55
2016 02 06 14 55
2016 02 12 16 17
2016 02 13 01 55
2016 03 09 10 24
2016 03 17 16 16
2016 03 19 03 51
2016 03 28 06 44
2016 03 28 13 57
2016 04 07 03 16
2016 04 13 23 46
2016 04 14 01 10
2016 04 17 15 06
2016 04 18 21 34
2016 05 02 22 45
2016 05 06 20 43
2016 05 18 17 54
2016 05 27 17 14
2016 06 03 19 01
2016 06 04 18 03
2016 06 17 01 13
2016 07 26 04 57
2016 08 03 21 56
2016 08 06 09 57
2016 08 07 02 35
2016 08 07 04 29
2016 08 16 10 09
2016 08 28 13 17
2016 09 01 14 27
2016 09 01 15 26
2016 09 15 03 38
2016 09 21 10 05
2016 10 08 13 29
2016 10 17 06 30
2016 11 16 21 37
2016 12 03 10 00
2016 12 06 11 47
2016 12 06 23 45
2016 12 13 10 21
2016 12 18 11 57
2016 12 24 16 01
2016 12 26 03 17
2016 12 26 08 30
